20
0 4.12310562561766 3.60555127546399 3 8.06225774829855 4.47213595499958 6.32455532033676 6.40312423743285 5.8309518948453 3.16227766016838 3.60555127546399 8.60232526704263 5.3851648071345 5.8309518948453 6.08276253029822 7.21110255092798 5 5 4.47213595499958 4.24264068711928 
4.12310562561766 0 4.47213595499958 4.47213595499958 4.24264068711928 1 2.23606797749979 5.09901951359278 2.23606797749979 3.60555127546399 1.4142135623731 5 3.16227766016838 4.12310562561766 2.82842712474619 5.3851648071345 3.16227766016838 5.65685424949238 5.3851648071345 4.12310562561766 
3.60555127546399 4.47213595499958 0 6.32455532033676 8.60232526704263 5.3851648071345 6.40312423743285 3.16227766016838 6.70820393249937 6.08276253029822 5.09901951359278 9.4339811320566 3.16227766016838 3 4.47213595499958 4.12310562561766 7.07106781186548 8.24621125123532 1 1 
3 4.47213595499958 6.32455532033676 0 7.07106781186548 4.12310562561766 6.08276253029822 8.60232526704263 5 1 3.16227766016838 7.28010988928052 7.07106781186548 7.81024967590665 7.21110255092798 9.21954445729289 3.16227766016838 2 7.28010988928052 6.70820393249937 
8.06225774829855 4.24264068711928 8.60232526704263 7.07106781186548 0 3.60555127546399 2.23606797749979 8.24621125123532 2.23606797749979 6.08276253029822 4.47213595499958 1 6.32455532033676 7.28010988928052 5.09901951359278 8.06225774829855 4 7.07106781186548 9.4339811320566 8.06225774829855 
4.47213595499958 1 5.3851648071345 4.12310562561766 3.60555127546399 0 2 6.08276253029822 1.4142135623731 3.16227766016838 1 4.24264068711928 4.12310562561766 5.09901951359278 3.60555127546399 6.32455532033676 2.23606797749979 5 6.32455532033676 5.09901951359278 
6.32455532033676 2.23606797749979 6.40312423743285 6.08276253029822 2.23606797749979 2 0 6.08276253029822 1.4142135623731 5.09901951359278 3 3.16227766016838 4.12310562561766 5.09901951359278 3 6 3.60555127546399 6.70820393249937 7.21110255092798 5.8309518948453 
6.40312423743285 5.09901951359278 3.16227766016838 8.60232526704263 8.24621125123532 6.08276253029822 6.08276253029822 0 7 8.06225774829855 6.32455532033676 9.21954445729289 2 1 3.16227766016838 1 8.24621125123532 10.295630140987 3 2.23606797749979 
5.8309518948453 2.23606797749979 6.70820393249937 5 2.23606797749979 1.4142135623731 1.4142135623731 7 0 4 2.23606797749979 2.82842712474619 5 6 4.12310562561766 7.07106781186548 2.23606797749979 5.3851648071345 7.61577310586391 6.32455532033676 
3.16227766016838 3.60555127546399 6.08276253029822 1 6.08276253029822 3.16227766016838 5.09901951359278 8.06225774829855 4 0 2.23606797749979 6.32455532033676 6.40312423743285 7.21110255092798 6.40312423743285 8.60232526704263 2.23606797749979 2.23606797749979 7.07106781186548 6.32455532033676 
3.60555127546399 1.4142135623731 5.09901951359278 3.16227766016838 4.47213595499958 1 3 6.32455532033676 2.23606797749979 2.23606797749979 0 5 4.47213595499958 5.3851648071345 4.24264068711928 6.70820393249937 2 4.24264068711928 6.08276253029822 5 
8.60232526704263 5 9.4339811320566 7.28010988928052 1 4.24264068711928 3.16227766016838 9.21954445729289 2.82842712474619 6.32455532033676 5 0 7.28010988928052 8.24621125123532 6.08276253029822 9.05538513813742 4.12310562561766 7 10.295630140987 8.94427190999916 
5.3851648071345 3.16227766016838 3.16227766016838 7.07106781186548 6.32455532033676 4.12310562561766 4.12310562561766 2 5 6.40312423743285 4.47213595499958 7.28010988928052 0 1 1.4142135623731 2.23606797749979 6.32455532033676 8.60232526704263 3.60555127546399 2.23606797749979 
5.8309518948453 4.12310562561766 3 7.81024967590665 7.28010988928052 5.09901951359278 5.09901951359278 1 6 7.21110255092798 5.3851648071345 8.24621125123532 1 0 2.23606797749979 1.4142135623731 7.28010988928052 9.4339811320566 3.16227766016838 2 
6.08276253029822 2.82842712474619 4.47213595499958 7.21110255092798 5.09901951359278 3.60555127546399 3 3.16227766016838 4.12310562561766 6.40312423743285 4.24264068711928 6.08276253029822 1.4142135623731 2.23606797749979 0 3 5.8309518948453 8.48528137423857 5 3.60555127546399 
7.21110255092798 5.3851648071345 4.12310562561766 9.21954445729289 8.06225774829855 6.32455532033676 6 1 7.07106781186548 8.60232526704263 6.70820393249937 9.05538513813742 2.23606797749979 1.4142135623731 3 0 8.54400374531753 10.816653826392 4 3.16227766016838 
5 3.16227766016838 7.07106781186548 3.16227766016838 4 2.23606797749979 3.60555127546399 8.24621125123532 2.23606797749979 2.23606797749979 2 4.12310562561766 6.32455532033676 7.28010988928052 5.8309518948453 8.54400374531753 0 3.16227766016838 8.06225774829855 7 
5 5.65685424949238 8.24621125123532 2 7.07106781186548 5 6.70820393249937 10.295630140987 5.3851648071345 2.23606797749979 4.24264068711928 7 8.60232526704263 9.4339811320566 8.48528137423857 10.816653826392 3.16227766016838 0 9.21954445729289 8.54400374531753 
4.47213595499958 5.3851648071345 1 7.28010988928052 9.4339811320566 6.32455532033676 7.21110255092798 3 7.61577310586391 7.07106781186548 6.08276253029822 10.295630140987 3.60555127546399 3.16227766016838 5 4 8.06225774829855 9.21954445729289 0 1.4142135623731 
4.24264068711928 4.12310562561766 1 6.70820393249937 8.06225774829855 5.09901951359278 5.8309518948453 2.23606797749979 6.32455532033676 6.32455532033676 5 8.94427190999916 2.23606797749979 2 3.60555127546399 3.16227766016838 7 8.54400374531753 1.4142135623731 0
